24.9443 25.3854 0.5783 0.6783
20.3519 19.9738 0.5674 0.6196
17.9098 18.2192 0.6043 0.6696
15.7950 17.7285 0.6652 0.7348
12.7334 13.0775 0.6935 0.7522
14.9763 14.6017 0.7152 0.7609
10.8654 11.7283 0.7543 0.7783
10.2775 10.5340 0.7717 0.7978
9.0507 9.4461 0.7630 0.7935
8.5979 8.9411 0.7717 0.8065
8.5049 9.0049 0.7826 0.8000
7.5583 7.9699 0.7826 0.8065
9.4584 10.1277 0.7435 0.8065
8.7558 9.1777 0.7696 0.8000
7.3776 7.8045 0.7826 0.8022
6.8469 7.1103 0.7935 0.8196
6.8366 7.1940 0.7870 0.8130
6.7141 7.0997 0.7870 0.8000
6.5264 6.9883 0.7696 0.8000
6.6058 7.2234 0.7804 0.8152
6.6725 7.2845 0.7913 0.8174
6.3463 6.8067 0.8000 0.8130
6.2741 6.8182 0.7826 0.8217
5.9653 6.4061 0.7891 0.8217
5.9378 6.2843 0.7978 0.8239
6.3164 6.7981 0.8000 0.8109
5.7089 6.0755 0.8022 0.8152
5.6070 6.0713 0.8130 0.8087
5.6944 6.2604 0.7848 0.8196
5.4180 5.7944 0.8000 0.8326
5.2581 5.7473 0.7913 0.8130
5.9595 6.6140 0.7957 0.8196
5.5420 5.8874 0.8022 0.8391
5.1729 5.7822 0.8109 0.8326
5.0914 5.4794 0.8152 0.8196
4.8382 5.3606 0.8087 0.8239
5.6950 6.0320 0.8152 0.8196
5.6867 6.1332 0.8130 0.8130
5.2977 5.6902 0.8239 0.8326
4.9257 5.3964 0.7935 0.8130
4.8799 5.4348 0.7978 0.8087
6.4460 6.5901 0.8196 0.8174
4.9408 5.4736 0.8043 0.8174
4.8594 5.3104 0.7978 0.8152
4.6534 5.1320 0.8109 0.8217
5.6863 6.0541 0.8109 0.8196
4.9658 5.4492 0.7935 0.8109
4.7923 5.2325 0.8043 0.8152
4.4915 5.0716 0.8065 0.8196
5.1859 5.7860 0.8109 0.8109
